time training end:150908 testing end: 150922

fai:0.142220,down,keep

gap:0.183282,up,keep

stock:0.002475,up,keep




0.98924
faip   :0.002958 trend:up keep 
gap mse:0.060130 trend:keep keep
stock  :0.000807     : up keep
