time training end 140717 testing end 140731

fai:0.004823,up,down

gap:0.005030,down,down

stock:0.000562,keep, down





0.9729

faip   :0.066102   trend:down up 
gap mse:0.003774   trend: up up
stock  :0.000457       :keep up

new 180,5

fai:0.012478,keep, up

stock:0.003921 ,keep,up
