training time end 140704 testing end 140717

fai:0.025748, up, keep

gap:0.001165, up,keep

stock:0.000125, down, keep



0.9714

faip    :0.007856   trend:up real down
gap mse :0.000326   trend :up down
stock   :0.000290        :up down

new 170,5

faip:0.430815, keep, keep

stock:0.000838, keep, keep
