time training 150317 testing end 150331

fai:0.221068,up,up

gap:0.098112, keep,up

stock:0.000856,up,up




0.9855

faip   :0.559369 trend :failed 
gap mse:0.017080 trend:up keep
stock  :0.000374      :up keep

