training time end 140605 testing end 140619

fai:0.001587,up,down

gap:0.000151,up,down

stock:0.000045, down, down



0.9677
faip  :0.043826 trend: up up
gap   :0.001205  trend: up up 
stock   :0.000793  trend:down up  

new 150,5

fai:0.778198, up, up

stock:0.002062, keep, up

