training time end 140605 testing end 140619


0.9677
faip  :0.043826 trend: up up
gap   :0.001205  trend: up up 
stock   :0.000793  trend:down up  

