time training end:151110 testing end : 151124



fai:0.002666,keepdown,up

gap:0.001616,up,up

stock:0.001087,down,up




0.99010
faip   :0.007952 :up keep
gap mse:0.010038 :keep keep
stock  :0.001826 : up keep
