time training end:160421 testing end:160506

fai:0.035304,up,up

gap:0.000771,up,up


stock:0.000493,up,up





0.99193
faip   :0.035699 :up down
gap mse:0.003896 :up down
stock  :0.000559 :up down
