training time end 140321 testing end 140404

fai:0.057857, down,down

gap:0.001912, down, down

stock:0.000156, dow,down





0.954


faip    :0.009190       :down up

gap mse :0.001131 trend :up up

stock   :0.001168       :down up

new 105,5

faip:0.014198, up, up,80

gap:0.146572, keep, up, 10

stock:0.001850,keep, up, 50

multi: 0.010228, down, up, 50
