time training end 150127  testing end 150210

fai:0.000072, up,up

gap:0.010770,keep,up

stock:0.002264,down,up




0.9843
faip    :0.005045 trend:down up
gap mse :0.001043 trend:down up
stock   :0.000991      :down up         
