time training end 140926 testing end 141017

fai:0.139608,up,keep

gap:0.002067,up,keep

stock:0.000189,down,keep




0.9791

faip   :0.211461 little big trend: failed
gap mse:0.000196 trend :down down
stock  :0.000039       :down down
