im training end 150112   testing end 150127

fai:0.004275,keepup,keepup

gap:0.276406,down,keep

stock:0.002834,up,keep





0.9836
faip   :0.045992 trend:up keep 
gap mse:0.066906 trend:keep keep
stock  :0.010602   :up keep
