time training end 141016 testing end 141031

fai:0.008308,dowm,up

gap:0.023403,down,up

stock:0.001399,down,up





0.98
faip   :0.003191 trend:down up 
gap mse:0.11086 trend:failed
stock  :0.000665      :down up
