time training end:150807   testing end: 150821

fai:0.051575,up,keep

gap:0.003756,up,keep

stock:0.001273,keepdown, keep






0.98876
faip   :0.069183 trend:up keep
gap mse:0.140677 : failed up keep
stock  :0.001641 : up keep
