time training end : 150528 testing end: 150611

fai:0.012202,up,up

gap:0.012507,up,up

stock:0.004307,up,up




0.9875
faip   :0.162820 trend:failed up  up
gap mse:0.047146 trend:up up
stock  :0.000564 trend:up up

