time training end:150922 testing end: 151013

fai:0.009169,down,up

gap:0.014584,down,up

stock:0.000564,keep,up



0.98947
faip   :0.047221 trend :up down
gap mes:0.002145 trend:keep down
stock:0.005492 :keep down
