time training end 140404 testing end 140421

fai:0.035355,down, keep

gap:0.000235, down, keepup

stock:0.000295,up,keep




0.956

faip   :0.010362     :down down

gap mse:0.030728 trend:up down

stock  :0.001872     :keep down


new 110, 5

fai: 0.004475, up, down, 80

gap:0.143620,dowm, down,10

stock:0.000827, down, down,50

multi :0.017865, down,down,50

   
