time training end 150331 testing end 150415

fai:0.168088,up,keepdown

gap:0.057426,keepdown,keepdown

stock:0.016209,up,keepdown


0.9859

faip :0.076938 trend:up up 
gap mse:0.002069 trend:up up
stock  :0.000156      :up up

