training time end 140605 testing end 140619

fai:0.023733, down, up

gap:0.000304,keep,up

stock:0.000464,down,up






0.9687

faip   :1.601840 failed  trend:(down keep) 
gap mse:0.000449  trend:down down
stock  :0.000382      :up down

new 155,5

fai:0.032722, down, down

stock:0.003825, keep, down
