time training end 141226  testing end 150113

fai:0.012761,down,dwon

gap:0.004110, up, down

stock:0.005723, up,down




0.983
faip   :0.122546 trend:failed up  down
gap mse:0.026264 trend: down down
stock  :0.000612      :up down
