time training end:160506 testing end:160520

fai:0.216294,down,keep

gap:0.000043,up,keep


stock:0.000602,up,keep




0.99206
faip   :0.000668 :up up  
gap mse:0.001481 : down up
stock  :0.000126 :up up
