time training end 150429 testing 150514

fai:0.011655, down, keepup

gap:0.000630, up, up

stock:0.000592,dow,up






0.98684
faip   :0.045194 trend:down down 
gap mse:0.062156 trend:up down
stock   :0.000224     :down down
 
