time training end:150908 testing end: 150922

fai:0.002383,up,down

gap:0.026850,keep,down

stock:0.002469,up,down




0.98936
faip   :0.001617 :up up 
gap mse:0.004315 :keep up
stock  :0.002708 :up up
