time training end:160120 testing end:160203

fai:0.187348,up,up

gap:1.182078,kee,up


stock:0.008815,keep,up





0.99099
faip   :0.015033 trend:up down
gap mse:0.014375 trend:up down
stock  :0.000303 : down down 
