time training end:151110 testing end : 151124

fai:0.001072,up,keep

gap:0.000890,down,keep

stock:0.002247,down,keep






0.99020
faip   :0.019429 trend:down keep
gap mse:0.000362 : up keep
stock  :0.000254 : keep keep

