time training end 151027 testing end: 151110

fai:0.038596,up,down

gap:0.001202,up,dwon

stock:0.000037,down,down




0.99
faip: 0.071589 :up keep
gap mse:0.037481 :up keep
stock  :0.000709 : up keep
