time training end 151027 testing end: 151110

fai:0.177745,up,keep

gap:0.011635,down,keep


stock:0.001210,down,keep





0.98990
faip:0.007495  trend:down up
gap mse:0.008706 trend:down up
stock  :0.001829 down up
