time training end 140828 testing end 140912

fai:0.847486,down,keep

gap:0.00098,keep,keep

stock:0.000198,up,keep





0.9772
faip   :0.006939 trend:down up  
gap mse:0.001295 trend:up up
stock  :0.000576 trend:up up
