time training end 141128 testing end 141212

fai:0.213262,keep,keep

gap:0.107266,keep,keep

stock:0.000523,up,keep





0.9818



faip   :0.034402 trend:up up
gap mse:0.000699 trend:up up
stock  :0.013245     :up up


