time training end 150127  testing end 150210

fai:0.000324,up,up

gap:0.025857,down,up

stock:0.002754, down, up




0.9841
faip    :0.030727 trend:up down
gap mse :0.008683 trend:keep down
stock   :0.008894     :up down            
