time training end:150821  testing end: 150908

fai:0.014819,down,keep

gap:0.034286,keepdown,keep

stock:0.001297,up,keep




0.98913
faip   :0.061729 trend:down down 
gap mse:0.042917 trend:up down
stock  :0.000347 : up down
