time training end:150821  testing end: 150908

fai:0.037426,up,down,

gap:0.015523,up,down

stock:0.008079,up,down




0.98901
faip   :0.001269 : up up 
gap mse:0.001433 : keep up
stock  :0.024401 :down up
