time training end 141114 testing end 141128

fai:0.00627,up,down

gap:0.042129,down,down

stock:0.012404,up,down



0.9811

faip   :0.001588 trend:down  up
gap mse:0.001155 trend:down up
stock  :0.001688      :down up

