time training end:160309 testing end :160323

fai:0.082176,up,down

gap:0.001373,keeup,down

stock:0.001441,up,down




0.99145
faip   :0.003186 :down keep
gap mse:0.001281 :down keep
stock  :0.001040 : keep keep
