time training end: 160705 tstin end ;160719

fai:0.342164,up,keepdown

gap:0.000631,keepdown,keepdown

stock:0.000051,down,down





0.99248
faip :0.001297 : keep up
gap mse:0.002260: down up
stock  :0.000195:up up
