time training end 141128 testing end 141212

fai:0.076241,up,keep

gap:0.000164,keep,keep

stock:0.001338,up,keep




0.9821
faip   :0.052930 trend:down up
gap mse:0.016561 trend:down up
stock  :0.000372      :up up
