training time end 140704 testing end 140717

fai:0.025819,down,up

gap:0.000903, up,up

stock:0.001349, down, real,up




0.9722

faip    :0.072074  trend:down real up
gap mse :0.005961  trend :up up
stock   :0.001927         :down up

new 175, 5

faip:0.139653, up, down

stock:0.000061, down, down
