time traning end:160106 testing end:160120

fai:0.831589,down,up

gap:0.002041,up,up

stock:0.000196,up,up





0.99082
faip   :0.081247 :down down
gap mse:0.019612 :keep down
stock  :0.007114 :down down
