time training end 140814 testing end 140828

fai:0.047385,up,keep

gap:0.003640,keep,keep

stock:0.000519,up,keep




0.9761
fai    :0.000633 trend:down  down

gap mse:0.003523 trend :down

stock  :0.000378 trend:keep dwon

new 205, 5

fai:0.145103, down, keep

stock:0.000594, down, keep
