time training end; testing :

fai:0.000831,down,keep

gap:0.000787,keep,keep

stock:0.000198,down,keep





new 0.99212
faip    :0.01564 : up keep
gap mse :0.000922: keep keep
stock   :0.000056:up keep
