time training end:160203 testing end:160224

fai:2.165066,keep,keep

gap:0.019015,up,keep


stock:0.000230,keep,keep






0.99115
faip   :0.010784 : up up
gap mse:0.353230 : failed keep up
stock  :0.023411 : down up
