time training end:160407 testing end:160420

fai:0.635183,down,keep

gap:0.000138,up,keep

stock:0.000091,down,keep



0.99173
faip   :0.100163 :up keep
gap mse:0.026701 :keep keep
stock  :0.002778 :down keep
