training 80 four month  test 10 two weeks

fai:0.043082, up,up

gap:0.000963, keepup,up

stock:0.003128, down, up




0.944



faip   :0.025904      :keep down
gap mse:0.000358  trend :down down
stock  :0.000412  trend :down down

new

faip: 0.074696 : down, down, 80

gap: 0.170053 :keep, down,10

stock:0.003796 : keep, down, 50

multi:0.003826 : dow, down, 50
