time training end 141114 testing end 141128

fai:0.007216,down,keep

gap:0.036470,keep,keep

stock:0.000401,down,keep






0.9814
faip   :0.020669 trend:down keep
gap mse:0.044276 trend:up keep
stock  :0.000297      :up keep

