time training end 140926 testing end 141017

fai:0.008138,keep,up

gap:0.001319,up,up

stock:0.000876,down,up




0.9787

faip   :0.020352 trend: up down
gap mse:0.010436 trend :up down
stock  :0.000473       :up down
