time training end 150331 testing end 150415

fai:0.153519, down,down

gap:0.002002,keep,down

stock:0.000758,keepdwon,down





0.9861
 


faip :0.025807 trend:keep keep
gap mse:0.006986 trend:up keep
stock  :0.001629      :keep keep

