time training end 150303  testing end 150317

fai:0.104085,up,up

gap:0.087049,down,up

stock:0.000089,up,up





0.9851
faip :0.000285 trend: up up 
gap  :0.022569 trend:down up
stock:0.001232     : down up 
