time training end 141212 testing end 141226

fai:0.028893,down,down

gap:0.036387,keep,down

stock:0.006973,up,down





0.9827
 
faip   :0.001724 trend:down keep
gap mse:0.044380 trend:keep keep
stock  :0.000380     :keep keep
