time training end:160203 testing end:160224

fai:3.755735,dwon,up

gap:0.001051,down,up


stock:0.000162,up,up







0.99123
faip   :0.110921 : up down failed
gap mse:0.000396 : up down
stock  :0.000823 : up down
