time training end: 151208  testing end: 151222

fai:0.135546,down,down

gap:0.017619,down,down


stock:0.011391,up,down




0.99047
faip   :0.019089 :up up
gap mse:0.005913 : down up
stock  :0.001087 : up up
