time training end 140619 testing end 140704

fai:0.053372, up, up

gap:0.002245,up, up

stock:0.001036,down, up




0.9705
faip   :0.051080  trend:up up  
gap mse:0.004645 trend:up up
stock  :0.000214      :keep up 

new 165,5

fai:0.092953, down, up

stock:0.001624,dowm,up
