time training end: 150626 testing end: 150710

fai:0.008408,up,up

gap:0.337428,keep,up

stock:0.001201,up,up



0.98795
faip   :0.933982 trend: failed keep dwon 
gap mse:0.006297 trend: up down
stock  :0.004919 trend: down down
