time training end:160120 testing end:160203

fai:9.097692,up,down

gap:0.026960,keep,down

stock:0.002125,up,down




0.99107
faip   :0.014189 :up up
gap mse:0.569765 :down up
stock  :0.003041 :down up
