time training end:160309 testing end :160323

fai:0.033125,up,down

gap:0.001195,down,down


stock:0.000269,keep,keepdown




0.99152
faip   :0.018688 :down up
gap mse:0.008927 : up up
stock  :0.001783 :up up
