time training end:150727 testing end: 150807

fai:0.001093,up,up

gap:0.007185,up,up

stock:0.001651,up,up




0.98851
faip   :0.002049 :up up
gap mse :0.404500 :down up
stock   :0.002427 :keep up
