time taining end: 160705 tstin end ;160719

fai:6.880790,down,keep

gap:0.001533,keep,keep

stock:0.000081,down,keep




0.99253
faip   :0.003999 :down down
gap mse:0.006956 : down down
stock  :0.000300  :downdown
 

