time training end: 151222 testing end:160106

fai:0.003813,up,down

gap:0.262025,up,down

stock:0.002625,up.down





0.99065
faip   :1.066977 :failed down 
gap mse:0.875084 :failed down
stock   :0.005198:down real keep
