time training end; testing :

fai:0.976874,down,up

gap:0.001655,up,up


stock:0.000139,up,up






0.99219
faip    :0.008779 :down up
gap mse :0.001592 : up up
stock   :0.009378 :down up
