time training end 140912 testing end 140926

fai:0.002841,up,up

gap:0.000290,up,up

stock:0.000604,up,up






0.9782
faip   :0.060612 trend:up up
ap mse:0.000686 trend:down up
stock  :0.000878      :keep up
