time training end 150611 testing end: 150626

fai:0.034297,down,keep

gap:0.208229,keep,keep

stock:0.002856,up,keep




0.9878
faip   :0.209656 trend:down down failed?
gap mse:0.019567      :keep down
stock  :0.010106      :down down 
