time training end 140507 testing end 140521

fai:0.191600, down, down

gap:0.000460,down,down

stock:0.000823,keep, down





0.9642

faip   :0.011944 trend:down up
gap mse:0.000575 trend:down up
stock  :0.000190      :down up best

new 135,5

faip:0.025199, up, up

gap:0.191754, up, up

stock:0.000380, up,up

multi:0.003271, down, up,
