im training end 150112   testing end 150127

fai:0.019837,up.keepup

gap:0.006670,up,keepup

stock:0.000898,down,keepup




0.9839

faip   :0.013458 trend:up down
gap mse:0.095899 trend:failed keep down
stock  :0.001471  :down down
