time training end: testing end:

fai:0.014824,down,keep

gap:0.003360,keepup,keep

stock:0.000090,up,keep






0.98990
faip   :0.000277 trend :keep keep
gap mse:0.009473 trend :down keep
stock  :0.000320      :up keep
