time training 150317 testing end 150331

fai:0.014153,up,down

gap:0.067003,up,down

stock:0.000608,up,down




0.9857


faip   :0.013002 trend:keep up 
gap mse:0.008198 trend:down up
stock  :0.000282      :up up

