time training end 141016 testing end 141031

fai:0.035024,down,up

gap:0.000609,keep,up

stock:0.000238,up,up




0.9796
faip   :0.587632 little big trend:failed  
gap mse:0.003885 trend:down down
stock  :0.000325      :down down
