time training end:151124 testing end : 151208

fai:2.038315,down,down

gap:0.002191,down,down

stock:0.001727,up,down





new 0.99030
faip   :0.278034 : failed down down
gap mse:0.000538 :down down
stock  :0.003783 :up down
