time training end 141226  testing end 150113

fai:0.011583,up,keepup

gap:0.042307,keep,keep

stock:0.000216,up,keepup




0.9833
faip   :0.037864 trend:up down
gap mse:0.052722 trend:keep down
stock  :0.005015     :up  down
