time training end: 151208  testing end: 151222

fai:0.001476,up,keep

gap:0.006044,up,keep

stock:0.004717,up,keep




0.99056
faip   :0.001877 :keep keep 
gap mse:0.004232: keep keep
stock  :0.000835:up keep
