time trainin end 140421 testing end 140507

fai:0.060751,up,keep

gap:0.000054,up, keep

stock:0.000056, up, keep





0.9615

faip   :0.049526     :up down
gap mse:0.001512 trend:down down
stock  :0.000174     :down down best


new 125, 5

faip:0.093743, keep,down

gap:0.184390, keep, down

stock :0.000271,up, down

multi: 0.001310,down,down
