time training end 140814 testing end 140828

fai:0.033780, down,keep

gap:0.000059,up,keep

stock:0.000141,down,keep




0.9756

fai    :0.0006240 trend:down down 

gap mse:0.024705 trend :down down

stock  :0.000293 trend:up down

new 200,5

fai: 0.005399. up, down

stock:0.000058, down, down
