time trining end 150514  testing end 150528

fai:0.041588,down,down

gap:0.001299,up,down

stock:0.002655,up,down



0.9718
fapi   :0.003143 trend: down down
gap mse:0.048538 trend:up down
stock  :0.002679 trend: up down
