time training end:160603 testing end:160628

fai:0.036548,up,up

gap:0.076248,keep,up

stock:0.000220,up,up




new 0.99225
faip   :0.019237 :up keep
gap mse:0.000423 :keep keep
stock  :0.000208 :down keep
