time training end 150303  testing end 150317

fai:0.07648,keep,keepdown

gap:0.074632,keep,keepdown

stock:0.003261,up,keepdown





0.9853
faip :0.009361 trend: down up 
gap  :0.249647 trend:failed up up
stock:0.002798     :up up 
