time training end 150303  testing end 150317

0.9853
faip :0.009361 trend: down up 
gap  :0.249647 trend:failed up up
stock:0.002798     :up up 
