time training end: 160224 testing end: 160309

fai:0.040563,up,up

gap:0.000454,up,up

stock:0.002559,down,up




0.99138
faip   :0.000992 : keep keep
gap mse:0.001018 : keep keep
stock  :0.001710 :up keep
