time training end 150210 testing end 150303


0.9846
faip :0.011737 trend:keep keep
gap : 0.018031 trend:up keep
stock:0.002916     :keep keep
