time training end 150210 testing end 150303

fai:0.479271,dow,down

gap:0.028067,keep,down

stock:0.000742,down,down





0.9846
faip :0.011737 trend:keep keep
gap : 0.018031 trend:up keep
stock:0.002916     :keep keep
