time

fai:0.031766,up,down

gap:0.003624,down,down

stock:0.003003, up,down




0.95
faip    :0.087273 trend:up up  
gap mse :0.001616 trend :up up
stock   :0.001382 trend :dwon up

new 95,5

faip: 0.209557, up,up 80

gap: 0.171975, keep, up, 10

stock:0.002067, keep, up ,50

multi: 0.004884,keep,up,50
