time training end:160407 testing end:160420

fai:0.021458,up,up

gap:0.041001,keep,up


stock:0.000366,up,up





0.99180
faip   :0.075125 :up keep
gap mse:0.009751 :keep keep
stock  :0.001329 :keep keep
