time training end 140619 testing end 140704

fai:0.000734, up,up

gap:0.001311,down,up

stock:0.001164,down, up



0.9696

faip   :0.106084 little big  trend:down keep
gap mse:0.002856  trend:keep keep
stock  :0.000059    :down keep best

new 160,5

fai:0.022109, down,keep

stock:0.000046, up, keep
