time trainin end 140421 testing end 140507

fai:0.071915,up,up

gap:0.007352, up,up

stock:0.000183,up,up





0.96

faip   :0.114214 little big     : up real keep
gap mse:0.013767 trend: down keep
stock  :0.000463      :down keep best

new 120,5

faip:0.036960, keep, down, 80

gap:0.174685, keep, down,10ga

stock:0.004512, keep,down,50

multi:0.001532, down, down, 50
