time training end: 150626 testing end: 150710

fai:0.003638,down,down

gap:0.056584,up,down

stock:0.012613,up,down


0.9809
faip   :0.152078 trend:keep up  
gap mse:0.020750  trend:up keep
stock  :0.006129  : up up
