time traning end:160106 testing end:160120

fai:0.001003,keepdow,down

gap:0.006813,up,down

stock:0.001289,up,down





0.99091
faip   :0.001668 trend:up down
gap mse:0.016928 :up down
stock  :0.000907 :down down
