time training end 140730 testing end 140814

fai:0.009592,up,up

gap:0.001406,keep,up

stock:0.001088,up,up





0.9743


faip    :0.066419 trend:up keep
gap mse :0.004057 trend :down keep
stock   :0.000169       :up keep best

new 190,5

faip:0.116953, down,keep

stock:0.001244, up,keep
