time training end:151124 testing end : 151208

fai:1.348979,down,keep

gap:0.0000959,keep,keepdown

stock:0.009695,up,keepdown





0.99038
faip   :0.140966 : up down failed
gap mse:0.015548 :up down 
stock  :0.001222 :keep down
