time training end:160506 testing end:160520

fai:0.567282,keep,down

gap:0.000125,down,down

stock:0.001090,up,down






0.992
faip   :0.026284 :up up  
gap mse:0.000338 :up up
stock  :0.001546 :down uo
