time training 140521 testing end 140605

fai:0.477190, up,up

gap:0.000948,up,up

stock:0.000737,down, up




0.9655
 
faip   :0.050754 trend :down up 
gap mse:0.011811 trend :up up
stock  :0.000565       :keep up best

new 140, 5

faip:0.001354, up,keep

gap:0.184787, keep,keep

stock:0.000129, up,keep

multi:
