time training end:160603 testing end:160628

fai:0.566031,up,keep

gap:0.006394,down,keep

stock:0.001231,up,keepdown




new 0.99231
faip   :0.002776 :down keep
gap mse:0.000091 :down keep
stock  :0.000408 :down keep
