time training end:160506 testing end:160520

new :0.984
faip   :1.262415 trend:down shaking, failed  
gap mse:0.004772 trend:1

fai    :0.001411      :1

stock  :0.002432      :1
 
fais   :0.006433      :1
