time training 150710  testing time 150724

fai:0.0008018,up,down

gap:0.002421,up,down

stock:0.006178,keep,down



0.98837
faip   :0.174712 :up up failed
gap mse:0.001213  : up up
stock  :0.009826  :down up
