time training end : 150528 testing end: 150611

fai:8.78,up,down

gap:0.002493,down,down

stock:0.011902,up,down




0.98734
faip   :0.033427 trend:keep up
gap mse:0.584637 trend:failed
stock  :0.008078 trend: keep up
