0.99159

faip: 3.287350 :failed down dwown
gap : 0.004051 : down down
stock:0.001831 :up down
