time training 140521 testing end 140605

fai:0.025183,keep,keep

gap:0.000839,keepup,keepup

stock:0.000353,down,keepup



0.9666

 
faip   :0.057860 trend :up shaking
gap mse:0.000732 trend :shaking shaking
stock  :0.000049       :up shaking   best

new 145,5

faip:0.000954, up,keep

stock:0.000144, keep, keep
