time training 150710  testing time 150724

fai:0.047117,up,down

gap:0.001228,keep,down

stock:0.003033,up,down



0.98823
faip   :0.004126 trend:up up 
gap mse:0.533037 trend:up up failed
stock  :0.049396 :down up
