training time end 140321 testing end 140404

fai:0.017111, up, down

gap:0.001654, down, keep down

stock:0.000239, down, keep down






0.952



faip    :0.000498    :up real  down

gap mse :0.002110 trend :down keep


stock   :0.001207       :down down 

new 100,5

fai:0.263197, dowm, down, 80

gap:0.172231, keep, dowm,10

stock:0.000338, down, down,50

multi:0.003839,dowm, dow,50
