training 80 four month  test 10 two weeks

fai:0.006007  ,ep:30,down,down

gap:0.000143, 30 , up, down

stock:0.000067, 30, down,real:down

multi:0.000406,up,keep










0.941



faip   :0.004633 trend:up real  up

gap mse:0.001254 : down  up

stock  :0.000902 :keep up

new:mse: epoch: trend 

faip:0.079688: trend:down real: up ep=80

gap:0.141789 : trend:keep, real up, ep= 10

stock:0.000150: trend: up, up, ep = 50

multi:0.007986: tredn: down, up ep= 50     
