time training end 140912 testing end 140926

fai:0.02594,keepup,keep

gap:0.000143,keep,keep

stock:0.001362,up,keep






0.9777
faip   :0.002559 trend:down keep 
gap mse:0.002617 trend:down keep
tock  :0.001156      :down keep
