time training end: testing end:

fai:0.052966,down,up

gap:0.000783,keep,up

stock:0.001388,down,up



0.98969
faip   :0.418457 trend :faild up keep
gap mse:0.001083 trend :up keep
stock  :0.010271 :down keep
