time training end:150807   testing end: 150821

fai:0.001666,up,up

gap:0.185816,up,up

stock:0.009744,up,up



0.98889
faip   :0.003970 : up down
gap mse:0.016155 : down down 
stock  :0.015709 : up down
