time training end 150210 testing end 150303

fai:0.087656,up,up

gap:0.014263,up,up

stock:0.001551,up,up






0.9848
faip :0.002052 trend:up keep
gap  :0.000063 trend:up keep
stock:0.000734     :up keep

