time training end 150210 testing end 150303


0.9848
faip :0.002052 trend:up keep
gap  :0.000063 trend:up keep
stock:0.000734     :up keep

