time training end: 151222 testing end:160106

fai:0.026467,up,up

gap:0.008597,keep,up

stock:0.011644,down,up





0.99074
faip   :1.177890 :failed down 
gap mse:0.035125 :down down
stock   :0.005208:up down
