time training end:150922 testing end: 151013

fai:0.005384,down,down

gap:0.063023,keep,down

stock:0.000531,keep,down




0.98958
faip   :0.069059 trend :keep keep
gap mes:0.002729 trend:up keep
stock:0.005734   : down keep
