time training end 140717 testing end 140731

fai:0.119390,down,keep

gap:0.000893,down,keep

stock:0.000252, down, keep	




0.9736


faip   :0.045805   trend:keep keep

gap mse:0.011061       :up keep

stock  :0.003724     :keep keep

new 185,5

faip:0.002276, up, up

stock:0.001186, down, up
