time training end:160421 testing end:160506

fai:0.050180,up,up

gap:0.002334,down,up

stock:0.000166,up,up





0.99187
faip   :0.001156 :up keep
gap mse:0.000898 :down keep
stock  :0.001409 : down keep
