time training end:150727 testing end: 150807

fai:0.033008,down,down

gap:0.032051,down,down

stock:0.001052,up,down




new 0.98863
faip   :0.090841 :down keep 
gap mse :0.953756 :failed
stock   :0.002771 :keep keep
