time

fai:0.014858,keep, down

gap:0.007941, up,down

stock:0.000324, up,down





0.947
faip    :0.010384 trend:keep keep 
gap mse :0.003258 trend :down keep
stock   :0.000057 trend : down keep

new 90,5

faip: 0.096804 :down, up :80

gap:0.183215: up, up,10
 
stock:0.000110, up, up, 50

multi:0.001216, dowm,up 50
