time training end 140828 testing end 140912

fai:0.000410,keep,down

gap:0.005080,keep,down

stock:0.001113,up,down





0.9767

faip   :0.004273 trend:up up  
gap mse:0.000821 trend:up up
stock  :0.001289trend:keep up
