time training end 141212 testing end 141226

fai:0.097450,up,keep

gap:0.001259,keep,keep

stock:0.003284,up,keep





0.9824 
faip   :0.005564 trend:down keep
gap mse:0.017640 trend:down keep

stock  :0.004947      :down keep

