time training end 140507 testing end 140521

fai:0.371546,down,up

gap:0.000159,up,up

stock:0.001444,down,up





0.9629


faip   :0.016285 trend:down real keep
gap mse:0.003706 trend:up keep
stock  :0.000110      :down keep

new 130, 5

faip:0.027967,down, down

gap :0.191621, down,down

stock:0.002344,down,down

multi:0.009019,down,down
