
fai:0.001628,up,up

gap:0.034347,up,up

stock:0.001377, up,up






0.9863

faip  :0.226703  trend:failed up keep
gap mse:0.021609 trend:up keep 
stock  :0.000765      :up keep

