time training end: 160224 testing end: 160309

fai:0.002799,up,down

gap:0.019430,keep,down


stock:0.001107,down,down







0.99130
faip  :0.090382 :up up
gap mse:0.008567 : down up
stock  :0.003896 :down up
