time training end 140730 testing end 140814

fai:0.037968,down,down

gap:0.000615, up,down

stock:0.000761,down,down






0.975

faip    :0.000447 trend:down up
gap mse :0.000008 trend :up up
stock   :0.000007       :up up

new 195 ,5
ep=50
fai:0.036646 ,down,up

stock:0.000273, down,up
