time training end 140404 testing end 140421

fai:0.004947, down,up

gap:0.002806,up,up

stock:0.000157,up,up






0.958

faip   :0.073798 :keep down

gap mse:0.023897 trend:down down

stock  :0.001463    :up down

new 115, 5

faip:0.004942, up, down, 80

gap:0.13393, keep, down,10

stock:0.000597, down, down,50

multi:0.008048, down,down, 50
